0.011782
0.011557
0.011569
0.011448
0.011453
0.011488
0.011472
0.011559
0.011849
0.011727
0.011811
0.012024
0.012163
0.012396
0.012411
0.012709
0.012713
0.012563
0.012723
0.012582
0.012289
0.012252
0.012165
0.012162
0.012062
0.012156
0.012181
0.012149
0.012231
0.012309
0.012233
0.012431
0.012625
0.012856
0.012734
0.012773
0.012857
0.012732
0.012866
0.012850
0.013048
0.013000
0.013054
0.012942
0.013001
0.013133
0.013083
0.013309
0.013379
0.013322
0.013309
0.013146
0.013045
0.013202
0.013402
0.013352
0.013502
0.013222
0.013410
0.013225
0.013345
0.013604
0.013685
0.013626
0.013582
0.013487
0.013400
0.013299
0.013290
0.013349
0.013170
0.013035
0.012966
0.013052
0.013095
0.012908
0.012817
0.012939
0.012772
0.012711
0.013184
0.012954
0.013006
0.012802
0.012683
0.012623
0.012664
0.012630
0.012538
0.012479
0.012608
0.012710
